 Mode    freq      eps      Int      T**2         TX        TY        TZ
----------------------------------------------------------------------------
  9:     36.99   0.000785    3.97  0.006622  ( 0.054854  0.059944 -0.004499)
 10:     45.66   0.000050    0.25  0.000344  (-0.014740 -0.008162 -0.007767)
 11:     48.40   0.000359    1.82  0.002317  ( 0.035341  0.032643  0.001666)
 12:     52.81   0.000567    2.87  0.003350  ( 0.056814  0.010711 -0.002783)
 13:     73.44   0.000263    1.33  0.001119  ( 0.018828 -0.020860  0.018157)
 14:     88.97   0.000668    3.38  0.002344  ( 0.023730 -0.039728  0.014244)
 15:     96.20   0.000462    2.34  0.001500  (-0.035303  0.014284 -0.007024)
 16:    123.58   0.000101    0.51  0.000256  ( 0.001711  0.015354 -0.004186)
 17:    128.75   0.000484    2.45  0.001173  ( 0.014123  0.029396 -0.010448)
 18:    152.98   0.000053    0.27  0.000107  (-0.007116  0.000131  0.007533)
 19:    163.44   0.000255    1.29  0.000488  (-0.003212  0.011097  0.018816)
 20:    174.96   0.000106    0.53  0.000189  (-0.009740  0.007802  0.005724)
 21:    191.64   0.000070    0.36  0.000114  (-0.001778  0.002197  0.010320)
 22:    200.16   0.000824    4.16  0.001285  ( 0.030371 -0.019026 -0.000660)
 23:    220.65   0.000008    0.04  0.000012  (-0.000230 -0.000552  0.003400)
 24:    240.65   0.000120    0.61  0.000156  ( 0.005402 -0.008699 -0.007148)
 25:    248.09   0.000048    0.24  0.000060  (-0.001892  0.007496  0.000054)
 26:    252.00   0.000710    3.59  0.000879  (-0.017237 -0.022970 -0.007375)
 27:    285.17   0.001032    5.22  0.001129  ( 0.024975  0.022426 -0.001616)
 28:    300.81   0.000027    0.14  0.000028  (-0.003389 -0.004107 -0.000185)
 29:    336.11   0.000341    1.72  0.000317  (-0.015777  0.000393  0.008229)
 30:    368.82   0.000528    2.67  0.000447  ( 0.003053 -0.003942  0.020548)
 31:    375.91   0.000063    0.32  0.000052  (-0.006411 -0.002629 -0.002000)
 32:    382.49   0.000686    3.47  0.000560  ( 0.014845 -0.013121 -0.012925)
 33:    402.20   0.001428    7.22  0.001108  (-0.031264 -0.011428  0.000349)
 34:    436.74   0.000047    0.24  0.000033  (-0.005249  0.000754 -0.002312)
 35:    437.71   0.017124   86.54  0.012208  (-0.034720  0.101341 -0.027071)
 36:    464.32   0.001863    9.42  0.001252  ( 0.012001 -0.032446 -0.007444)
 37:    473.86   0.001507    7.62  0.000992  (-0.002813  0.031212 -0.003207)
 38:    495.49   0.001974    9.98  0.001243  (-0.024259 -0.019371  0.016723)
 39:    515.36   0.000418    2.11  0.000253  ( 0.008007  0.010340 -0.009076)
 40:    531.15   0.006360   32.14  0.003736  (-0.056231 -0.006167  0.023163)
 41:    543.91   0.011168   56.44  0.006407  (-0.069458 -0.023352  0.032213)
 42:    561.54   0.003617   18.28  0.002010  (-0.040356 -0.017929  0.007744)
 43:    573.90   0.001210    6.11  0.000658  (-0.019160  0.001662  0.016971)
 44:    619.82   0.004395   22.21  0.002213  ( 0.041272 -0.010290 -0.020094)
 45:    677.88   0.004034   20.39  0.001857  (-0.027968  0.031303 -0.009751)
 46:    706.58   0.000469    2.37  0.000207  (-0.003409 -0.013918 -0.001296)
 47:    743.74   0.002817   14.24  0.001182  (-0.031056  0.012714  0.007471)
 48:    760.59   0.000290    1.47  0.000119  ( 0.002730 -0.007429 -0.007519)
 49:    773.56   0.001864    9.42  0.000752  ( 0.025218 -0.006932 -0.008242)
 50:    813.49   0.002405   12.15  0.000923  (-0.021907 -0.020897  0.002445)
 51:    821.37   0.002567   12.97  0.000975  (-0.002157  0.030599 -0.005850)
 52:    831.84   0.002782   14.06  0.001044  ( 0.015586 -0.024163  0.014730)
 53:    857.31   0.000520    2.63  0.000189  (-0.006427  0.012165  0.000220)
 54:    866.53   0.000381    1.93  0.000137  ( 0.010749 -0.001142 -0.004527)
 55:    899.66   0.000329    1.66  0.000114  ( 0.007977  0.003741 -0.006031)
 56:    905.25   0.000241    1.22  0.000083  ( 0.004923 -0.000967  0.007615)
 57:    924.79   0.003433   17.35  0.001158  ( 0.005032 -0.029485  0.016235)
 58:    927.89   0.000174    0.88  0.000058  ( 0.005654 -0.005096  0.000670)
 59:    946.54   0.000830    4.20  0.000274  ( 0.005945 -0.014910  0.004016)
 60:    967.47   0.001880    9.50  0.000606  ( 0.023583 -0.006965 -0.001322)
 61:    973.79   0.000001    0.00  0.000000  (-0.000322 -0.000262 -0.000329)
 62:    978.50   0.000543    2.75  0.000173  (-0.002189  0.006158  0.011427)
 63:    995.54   0.008208   41.48  0.002573  (-0.031588  0.039649 -0.001781)
 64:   1011.95   0.000141    0.71  0.000043  (-0.003127  0.002233  0.005351)
 65:   1039.08   0.002319   11.72  0.000696  ( 0.017726  0.015626  0.011747)
 66:   1055.17   0.001599    8.08  0.000473  ( 0.020960  0.003597 -0.004539)
 67:   1078.12   0.000050    0.25  0.000014  (-0.001704 -0.003388  0.000327)
 68:   1084.55   0.000593    2.99  0.000170  ( 0.011885  0.002748 -0.004657)
 69:   1105.61   0.000288    1.45  0.000081  (-0.001670 -0.005211  0.007160)
 70:   1106.18   0.002078   10.50  0.000586  (-0.008875 -0.001428  0.022480)
 71:   1123.30   0.000018    0.09  0.000005  (-0.001505  0.000430 -0.001635)
 72:   1143.84   0.000828    4.18  0.000226  (-0.006291  0.013644 -0.000138)
 73:   1160.12   0.012830   64.84  0.003451  (-0.018906 -0.038155 -0.040473)
 74:   1162.16   0.003764   19.02  0.001011  (-0.023451 -0.004853 -0.020910)
 75:   1188.23   0.000192    0.97  0.000050  (-0.004821  0.002901 -0.004324)
 76:   1195.63   0.024772  125.19  0.006466  (-0.064843 -0.041488 -0.023231)
 77:   1202.47   0.000739    3.74  0.000192  (-0.000939 -0.010022 -0.009516)
 78:   1220.59   0.000800    4.04  0.000204  ( 0.012086  0.006273 -0.004367)
 79:   1223.11   0.005189   26.23  0.001324  ( 0.032228  0.004566 -0.016265)
 80:   1226.10   0.000870    4.40  0.000221  ( 0.000315  0.003274 -0.014514)
 81:   1237.04   0.002056   10.39  0.000519  ( 0.001676 -0.005314 -0.022083)
 82:   1263.75   0.001585    8.01  0.000392  (-0.010521  0.009553  0.013767)
 83:   1273.22   0.001065    5.38  0.000261  ( 0.006152  0.014817 -0.001927)
 84:   1293.64   0.020809  105.16  0.005020  (-0.011034  0.031097  0.062697)
 85:   1296.46   0.004302   21.74  0.001036  ( 0.015744  0.026924 -0.007921)
 86:   1308.09   0.001577    7.97  0.000376  (-0.010433 -0.016349 -0.000281)
 87:   1315.03   0.008387   42.38  0.001990  (-0.025422 -0.036616  0.001793)
 88:   1324.92   0.017181   86.83  0.004047  ( 0.055710 -0.007327 -0.029823)
 89:   1329.90   0.003352   16.94  0.000787  ( 0.020006 -0.013853 -0.013945)
 90:   1346.07   0.000147    0.74  0.000034  (-0.001504  0.003240  0.004627)
 91:   1346.44   0.000781    3.95  0.000181  (-0.000007 -0.007638  0.011077)
 92:   1350.18   0.000044    0.22  0.000010  ( 0.002916  0.000373 -0.001266)
 93:   1367.90   0.000424    2.14  0.000097  (-0.009777 -0.000262 -0.000992)
 94:   1372.20   0.001228    6.21  0.000279  (-0.006294  0.011876  0.009929)
 95:   1392.70   0.013681   69.14  0.003066  ( 0.045632  0.016752 -0.026508)
 96:   1395.38   0.001691    8.55  0.000378  (-0.004634 -0.016300  0.009539)
 97:   1401.84   0.001720    8.69  0.000383  (-0.017380  0.004221  0.007934)
 98:   1408.86   0.016411   82.94  0.003635  (-0.055080 -0.010685  0.022072)
 99:   1421.99   0.000903    4.56  0.000198  (-0.008520 -0.006960 -0.008779)
100:   1426.48   0.000315    1.59  0.000069  (-0.005159 -0.005741 -0.003071)
101:   1481.31   0.003114   15.74  0.000656  ( 0.001131  0.012383  0.022391)
102:   1483.16   0.000496    2.51  0.000104  ( 0.006964 -0.007463  0.000463)
103:   1487.87   0.001565    7.91  0.000328  ( 0.010703  0.008595  0.011822)
104:   1489.06   0.000558    2.82  0.000117  ( 0.006968 -0.007924  0.002370)
105:   1492.24   0.001395    7.05  0.000292  (-0.012766  0.003398 -0.010829)
106:   1495.00   0.000454    2.29  0.000095  (-0.000526 -0.005828 -0.007775)
107:   1497.61   0.000843    4.26  0.000176  (-0.000116 -0.013230  0.000732)
108:   1503.90   0.001508    7.62  0.000313  (-0.012299 -0.007069 -0.010564)
109:   1504.12   0.000891    4.51  0.000185  ( 0.010840 -0.003518  0.007421)
110:   1506.54   0.001523    7.70  0.000315  ( 0.012162  0.012936 -0.000497)
111:   1509.46   0.002479   12.53  0.000513  (-0.003786  0.017402 -0.013980)
112:   1515.91   0.009314   47.07  0.001917  ( 0.017754 -0.007600 -0.039299)
113:   1521.86   0.001576    7.97  0.000323  ( 0.007629  0.004999 -0.015493)
114:   1582.66   0.039844  201.35  0.007856  ( 0.007092  0.076151  0.044800)
115:   1589.05   0.034462  174.16  0.006768  (-0.070869 -0.003125  0.041662)
116:   1688.16   0.006842   34.57  0.001265  ( 0.007895 -0.009195 -0.033434)
117:   1701.03   0.002129   10.76  0.000391  ( 0.008654  0.007283  0.016209)
118:   1790.87   0.000079    0.40  0.000014  ( 0.002968 -0.002166 -0.000458)
119:   1803.63   0.047736  241.24  0.008259  ( 0.022602 -0.010662  0.087377)
120:   3033.21   0.007268   36.73  0.000748  ( 0.003534  0.005958  0.026452)
121:   3038.32   0.004901   24.77  0.000503  (-0.000234  0.020970 -0.007976)
122:   3048.56   0.003218   16.26  0.000329  (-0.006084  0.001115 -0.017064)
123:   3051.94   0.003760   19.00  0.000384  (-0.002690  0.011091 -0.015943)
124:   3067.57   0.005027   25.40  0.000511  ( 0.006026 -0.010164  0.019281)
125:   3068.65   0.006611   33.41  0.000672  ( 0.019800 -0.012625 -0.010995)
126:   3076.89   0.003985   20.14  0.000404  (-0.016669 -0.010383  0.004303)
127:   3080.68   0.004779   24.15  0.000484  (-0.017870  0.012820  0.000661)
128:   3086.13   0.009457   47.79  0.000956  ( 0.027762  0.011951  0.006533)
129:   3092.42   0.003565   18.01  0.000360  (-0.001150 -0.016367 -0.009515)
130:   3096.60   0.001665    8.42  0.000168  ( 0.000355 -0.009046  0.009266)
131:   3099.75   0.006026   30.45  0.000607  (-0.010471  0.021355 -0.006397)
132:   3125.85   0.004941   24.97  0.000493  (-0.001979  0.019516  0.010417)
133:   3127.08   0.000517    2.61  0.000052  (-0.005102 -0.001653  0.004782)
134:   3136.33   0.004949   25.01  0.000492  (-0.007535  0.011110  0.017670)
135:   3152.92   0.002680   13.54  0.000265  ( 0.013723  0.001264 -0.008680)
136:   3154.23   0.002515   12.71  0.000249  (-0.007749 -0.006782  0.011951)
137:   3160.94   0.007866   39.75  0.000777  ( 0.015586  0.021851 -0.007496)
138:   3161.26   0.008620   43.56  0.000851  (-0.007347  0.001986  0.028160)
139:   3188.59   0.003810   19.26  0.000373  (-0.003696  0.001743  0.018874)
140:   3191.08   0.000487    2.46  0.000048  (-0.003934 -0.004508 -0.003435)
141:   3196.48   0.003599   18.19  0.000351  (-0.002965  0.000930  0.018486)
142:   3206.66   0.003031   15.32  0.000295  (-0.012390 -0.009160 -0.007587)
143:   3235.20   0.002102   10.62  0.000203  ( 0.006990 -0.003162 -0.011997)
144:   3259.54   0.000442    2.24  0.000042  (-0.005811 -0.002753  0.001008)
145:   3634.81   0.003730   18.85  0.000320  ( 0.001350 -0.003609  0.017476)
146:   3810.54   0.014998   75.79  0.001228  (-0.018669 -0.018923 -0.022838)
